Insult,ID
0.7252313775220338,2800
0.09701981960344963,2801
0.11803920512458799,2802
0.8301575721286807,2803
0.060198092848805396,2804
0.5394029190361109,2805
0.04119023250128473,2806
0.038330551111858346,2807
0.03845910062277358,2808
0.8962531576138641,2809
0.586368811731137,2810
0.12326357554354672,2811
0.08780006383669325,2812
4.4378528692567976E-4,2813
0.04408656198368055,2814
0.4072670982354323,2815
0.0819119079211782,2816
0.4453076098370998,2817
0.082409586303683,2818
0.8815666984563367,2819
0.0125935756993939,2820
0.06946967067998844,2821
0.028470618287338212,2822
0.9521473105806857,2823
0.7187971443370975,2824
0.827030264737322,2825
0.06305756545783836,2826
0.8826353295949857,2827
0.5829611344932826,2828
0.0770758730025276,2829
0.5815618912095281,2830
0.03745359926516012,2831
0.17440867199523313,2832
0.005722534846338334,2833
0.05998378858357467,2834
1.1102230246251565E-13,2835
0.03908897932453448,2836
0.07171617460051827,2837
0.004966608123641469,2838
0.7325528808621823,2839
0.01862298839787957,2840
0.6229946992809148,2841
0.9031237646930413,2842
0.07941600670296312,2843
0.12032280091327152,2844
0.0752322799088494,2845
0.17092903884053445,2846
0.10417049432624903,2847
0.021506044920238776,2848
0.18177352648873468,2849
0.08644637797861776,2850
0.04201885253255189,2851
0.291795183644898,2852
0.7653826902193654,2853
0.12287832473423865,2854
0.11637850417001272,2855
0.9044944761074094,2856
0.004533003090626764,2857
0.05691224361518399,2858
0.09767485419510569,2859
0.9010138244478472,2860
0.7555162162444882,2861
0.11962831749971825,2862
0.1594477258160576,2863
0.09230027564981713,2864
0.014576265473009054,2865
0.09774468351965782,2866
0.09202974869129166,2867
0.817618803978817,2868
8.116518568357378E-11,2869
0.007483633243820176,2870
0.018197356655215824,2871
0.6743880347958078,2872
0.5236208520348145,2873
0.7940545100670902,2874
0.8756737365353071,2875
5.078392151247613E-10,2876
0.13772100773734175,2877
0.9909834208001378,2878
0.49150964479739656,2879
0.1080526024146129,2880
0.13980464178194585,2881
0.07083857014399886,2882
0.02970779968320092,2883
0.9562106738611597,2884
0.08074654254318114,2885
0.049069772622479246,2886
0.9983613885788942,2887
0.671974502098837,2888
0.4077775500463523,2889
0.5660480212870119,2890
6.596801040448241E-5,2891
0.10646542366196465,2892
0.06818928319945594,2893
0.087242974383415,2894
0.07869147895683348,2895
0.9386395460215815,2896
0.06013079077149408,2897
0.9372733125368192,2898
0.09013802576041008,2899
0.977979727319118,2900
0.08301730369942639,2901
0.08534340782394134,2902
0.08148457371685902,2903
0.9244475060490214,2904
0.8908694933792405,2905
4.674496612788737E-6,2906
0.05617644010492595,2907
0.06712106006737906,2908
0.05873522084580718,2909
0.9939706925297563,2910
0.12724465485885728,2911
0.9070106056844387,2912
0.08676486084487933,2913
2.392696929476301E-9,2914
0.07878310434425706,2915
0.8652129375726256,2916
0.0920668747999962,2917
0.26715029065875284,2918
0.015040238929917793,2919
0.05404294268307075,2920
0.04006241034968494,2921
0.15288687409156831,2922
0.7242433607885028,2923
0.09331911867979881,2924
0.007407260990216491,2925
0.05628567233051607,2926
0.6197998447317546,2927
0.2382648643810289,2928
0.4433957702557382,2929
0.03453298026603502,2930
4.741263566014897E-4,2931
0.09431419990858603,2932
0.9505381976585633,2933
0.08035860647088078,2934
0.9770441394885966,2935
0.16531921330489818,2936
0.5220569229000085,2937
0.31726380470547344,2938
0.03243452457674956,2939
0.922735678074562,2940
0.054951745110095485,2941
0.8394116849619059,2942
0.0,2943
0.08474986231843151,2944
0.06543127311979924,2945
0.9176538386356938,2946
0.34983304596097387,2947
0.10036194283480626,2948
0.006171884651568815,2949
0.09444356202175097,2950
0.8022080936440151,2951
0.8304124178342338,2952
0.6153832866189469,2953
0.057139154375159595,2954
0.9344536188076636,2955
0.06923755500175344,2956
0.022227576627081524,2957
0.20884773532121725,2958
0.022436955089774946,2959
0.3775761149777047,2960
0.11268472634216298,2961
0.00584555693922062,2962
1.2527923258787155E-6,2963
0.6557926264986761,2964
0.05809272954817202,2965
0.8838157481314758,2966
0.918439589330136,2967
0.9120347541708662,2968
0.7814295277823275,2969
0.5564641712396714,2970
0.050253351359188736,2971
0.1496533391677386,2972
0.8878085396019089,2973
0.08932493453450474,2974
4.5445036023217256E-7,2975
0.05514234984017985,2976
0.039286561136564147,2977
0.059927860083169415,2978
0.023713755100239986,2979
0.046443743174822694,2980
0.9193565496992144,2981
0.9055596147014063,2982
0.5601116348357544,2983
0.11659508823795728,2984
0.06001978381152129,2985
0.11397332653878633,2986
0.0677474622080495,2987
0.031727743902355554,2988
0.07305411614076296,2989
0.10360388538916399,2990
0.925307573942708,2991
0.10297571036272013,2992
0.23336311914093166,2993
0.06159488627847676,2994
8.237854842718662E-14,2995
0.09847912147853544,2996
0.5413095013822335,2997
0.003641066970276663,2998
0.42003469359530454,2999
0.06569562534229068,3000
0.9287046096395059,3001
0.932314932273268,3002
0.894066843737235,3003
0.03245992195678671,3004
2.571853517400191E-4,3005
0.033311121476428784,3006
0.004707200852218096,3007
0.1091632290072948,3008
0.8712187842069755,3009
5.575431403249675E-4,3010
0.882362236777479,3011
0.04672375964397446,3012
0.05080021036686666,3013
0.08545278828131109,3014
0.3619678133275612,3015
0.0815506530657426,3016
0.10116072916098995,3017
0.03596872406862872,3018
0.6764849604220351,3019
0.9319785013413998,3020
0.032773512725522425,3021
0.07836175685112545,3022
0.6000902838291203,3023
0.7674743248355089,3024
0.06313997739072008,3025
0.07287561379415564,3026
0.9226048092438084,3027
0.039212889698414743,3028
0.9100913330080743,3029
0.16435060679259106,3030
0.059179413231121636,3031
0.13318056177008775,3032
0.9723001081253932,3033
0.06515407416327657,3034
0.11723886630799962,3035
0.019840928468102814,3036
0.8288605454839715,3037
0.06376011447868679,3038
0.08848836641539459,3039
0.06153777021499807,3040
0.2628161663010522,3041
0.008223561273896007,3042
0.005802194246952386,3043
0.6080197342786718,3044
0.05868475720959121,3045
0.044773415199650723,3046
0.8937592878691816,3047
0.18740678912586717,3048
0.11927008011373053,3049
0.03909766951326343,3050
0.06349018623384373,3051
0.5967887101297523,3052
0.07519314777813924,3053
0.35183965397266825,3054
0.02940451818528067,3055
0.20623403456511935,3056
3.7765486009888605E-4,3057
0.03593579780235456,3058
0.03006870784641058,3059
0.0971320820437358,3060
0.09220193716241876,3061
0.5662253917643008,3062
0.038075278479035024,3063
0.030503752283077112,3064
0.09754240973683492,3065
0.9304479719351203,3066
0.08894425263438754,3067
0.0318457112173921,3068
0.0,3069
0.9718874136965303,3070
0.0,3071
0.061931627149497626,3072
0.6943234388394925,3073
0.9287066307640937,3074
0.03333432845818429,3075
0.05124162803539034,3076
0.11506677593157433,3077
0.9203975834514007,3078
0.9717917226371338,3079
0.048054204170256964,3080
0.12466491190974782,3081
0.09296244436077328,3082
0.23073921201278114,3083
0.02377836339155981,3084
0.4665109572144338,3085
0.6066618280044642,3086
0.1980169529585052,3087
0.906811714189454,3088
0.03366483544030907,3089
0.4496507751784792,3090
0.4286825436648678,3091
0.05022554429097825,3092
0.516494691665087,3093
0.9207710387310534,3094
0.09800353516022886,3095
0.12975501223968255,3096
0.1166118118551821,3097
0.88422952150531,3098
0.08918012367064299,3099
0.08436148302369839,3100
0.9975147393937746,3101
0.07694536519804984,3102
0.8227540570481732,3103
0.005495842967375597,3104
0.022744996181438992,3105
0.9803828501902572,3106
0.9138991846641527,3107
0.9098490417959207,3108
0.13558016502733516,3109
0.4416386752169563,3110
0.8104129382437493,3111
0.05480007417660249,3112
0.4879613360141387,3113
0.11704210976631879,3114
0.32073238973218665,3115
0.0029468813579380804,3116
0.015287953747220584,3117
0.055308217595021913,3118
0.0017708033570683623,3119
0.9089617288099697,3120
0.823462759482732,3121
0.767584966092617,3122
0.7019629684487021,3123
0.9235337751827535,3124
0.902981249722618,3125
0.8326607232101695,3126
0.8891125646469082,3127
6.653566586578563E-13,3128
0.07003975143362628,3129
0.7868406462100577,3130
0.9049445837479073,3131
0.0953148387917585,3132
0.0479621773823129,3133
0.06331172499785787,3134
0.9168328652953833,3135
0.8994858908535063,3136
0.48210406399294303,3137
0.06271629293402514,3138
0.2112960847659041,3139
0.9365942475336886,3140
0.001211740543950235,3141
0.07763126338478998,3142
0.10084051725710375,3143
0.0068418766876123804,3144
2.4939631677345364E-4,3145
0.017235588548494052,3146
0.7781216124275656,3147
0.5134258700450824,3148
0.04643920466184537,3149
0.7176393455495351,3150
5.105978614250439E-5,3151
0.15548033813583872,3152
0.08457406295310177,3153
0.9100595043735605,3154
0.0017260122914973808,3155
0.09542660109120138,3156
0.8071855051833368,3157
0.16779099462765845,3158
0.0630371680048275,3159
0.5792515143037111,3160
0.0967607427367797,3161
0.8536967591150567,3162
0.2580514860248564,3163
0.9564621114293661,3164
0.9165681415353912,3165
0.05444237030003485,3166
0.08436794136489789,3167
0.7160090739546562,3168
8.598338085707979E-4,3169
0.05467052694856189,3170
0.9166225488531764,3171
0.09684285729156472,3172
0.33959380615963464,3173
0.8786398687565022,3174
0.4082515324914955,3175
0.5667791856748315,3176
0.9404211720782373,3177
0.0288820439022609,3178
0.0665943675117483,3179
0.4888415412147359,3180
0.11623287710189145,3181
0.023236115226816012,3182
0.7578560298809339,3183
0.8948235597084013,3184
0.8034812883467343,3185
0.06484205307091451,3186
0.023194480117997185,3187
0.09182288217217904,3188
0.11525425474665862,3189
0.207681086282957,3190
0.17266445856031742,3191
0.1355969344335003,3192
0.05498227694000146,3193
0.3457110794357561,3194
0.057974585717340266,3195
0.9712204895161402,3196
0.12482339877147075,3197
0.05405534165248671,3198
0.6358477681663126,3199
0.24216902897900283,3200
0.08434937440595647,3201
0.9194426097699935,3202
0.08045312594083975,3203
0.09625442886214786,3204
0.0010209717244580307,3205
0.005522851421557062,3206
6.7627480567766796E-6,3207
0.006676830638603581,3208
0.0,3209
0.561917926756529,3210
0.9589766946547768,3211
1.502908598689512E-4,3212
0.4208343333619793,3213
0.9267052934328752,3214
0.09626615448538689,3215
0.4067329916464766,3216
0.45828525293389444,3217
0.0977340750133806,3218
0.8735300774740218,3219
0.9042418182141333,3220
0.3004480835155424,3221
0.879344072853347,3222
0.19133230780291854,3223
6.439807998585012E-4,3224
0.0,3225
0.02897020314119869,3226
0.008269817462044915,3227
0.1561926303406559,3228
3.922282498791674E-10,3229
9.992007221626409E-16,3230
0.02184551301543658,3231
0.9329963063254748,3232
0.08520631144960611,3233
8.551601572548417E-5,3234
0.10731412606577562,3235
0.08537816321590119,3236
0.16440832500491687,3237
0.8731921137360199,3238
0.08371227051538865,3239
0.004786961795312239,3240
0.08830740335827603,3241
0.0799891938781514,3242
0.9914892281321754,3243
0.11923097535600835,3244
0.9393724183816307,3245
0.11288682295693553,3246
0.9463705039549475,3247
0.11516839136477508,3248
0.13116033149011996,3249
0.036050514766575725,3250
0.2732761928948386,3251
0.8726969119269394,3252
0.08759132190186336,3253
0.030335199663171997,3254
0.0015829217778068339,3255
0.017031675953737224,3256
0.8306387672331434,3257
0.032549966044850165,3258
0.002292515195429834,3259
0.006973752608997796,3260
0.9184070603367116,3261
0.00916983371933533,3262
0.11155128721605112,3263
0.061070627464098304,3264
0.8816723401465703,3265
0.02854666354852098,3266
0.10311976938256673,3267
0.2797721789263755,3268
0.9111880420164983,3269
0.04218022046285652,3270
0.9023922935114571,3271
0.905010578349194,3272
0.07555373340885096,3273
0.22036613780031244,3274
0.10915048579922093,3275
0.01019050015275258,3276
0.030317021934080257,3277
0.5240896374764898,3278
0.007390182810207424,3279
0.8978985099020237,3280
0.0010644139450882717,3281
0.027706799691683548,3282
0.7380902942796468,3283
0.7359393071713008,3284
0.7423921623299091,3285
0.10035689251582003,3286
0.0029341183747062516,3287
0.1189249307077117,3288
0.9276160284132517,3289
0.1158669506830532,3290
0.9037475208367514,3291
0.04998819328666659,3292
0.04345493479193008,3293
0.06244477235947854,3294
0.2267777342336963,3295
0.17660698468536362,3296
0.06668192721033583,3297
0.565172175457834,3298
0.11664172022681751,3299
0.0612692843362217,3300
0.9074913365690456,3301
0.09249111868834903,3302
0.057317021569316284,3303
0.03684978497923663,3304
0.885075220745314,3305
0.12846237902495394,3306
0.09993915029431899,3307
0.037459086049142165,3308
0.26439992294295267,3309
0.11970729921548384,3310
0.015939262156293266,3311
0.9193552549100723,3312
0.7886672676739165,3313
0.01592637716447587,3314
0.0747570885511617,3315
7.3942452161190886E-9,3316
0.060717854441586394,3317
0.3964928733794608,3318
0.7709288045143963,3319
0.6749767975300522,3320
0.024586038637070873,3321
0.0242006762099517,3322
0.6150987851639553,3323
0.008710877163473185,3324
0.26150953101327223,3325
0.8778239189023662,3326
0.9686546214845394,3327
0.14152901630882486,3328
0.21561541894830127,3329
0.021745078769217163,3330
0.016727405251882543,3331
0.11325782947701912,3332
0.01338393656849457,3333
0.9979736966651084,3334
0.8908278173537303,3335
0.09013636604789865,3336
0.08204240691769482,3337
0.031536071610387295,3338
0.009863169295872942,3339
0.24966712860752527,3340
0.0739832453639121,3341
0.9502491010684532,3342
0.9180630212661329,3343
0.19138304560075825,3344
0.16156114604805583,3345
4.022543887871599E-6,3346
0.039729581332353714,3347
6.210375547155422E-10,3348
0.07826264161974206,3349
0.25765365533816986,3350
0.41485859099127,3351
0.022702143779126827,3352
0.014576921339136906,3353
0.447249336684045,3354
0.7467827934984604,3355
0.12248246326401346,3356
0.05365177146755262,3357
2.3524466663538135E-7,3358
0.6981621939059259,3359
0.9454624352898812,3360
0.06076044591038443,3361
0.03254258626987383,3362
0.398922205435708,3363
0.07495439562344841,3364
6.973959413095754E-4,3365
0.11548271573155722,3366
0.8005679165968426,3367
0.0448947782384711,3368
0.04999328895759381,3369
1.2386224712557237E-8,3370
0.862496579925166,3371
0.9055053755181045,3372
0.10524183935148501,3373
0.06402547703597739,3374
0.897906608346255,3375
5.061753433510674E-6,3376
0.1048066575675336,3377
0.1273297972341092,3378
0.0021687989790437623,3379
0.0030064089921399972,3380
0.8362537816208075,3381
0.024266614182139046,3382
0.2848170102553803,3383
0.8672859733008782,3384
0.008788225757191404,3385
0.3872423493790704,3386
0.9006373442635661,3387
0.03405771734115337,3388
1.6957587223309645E-8,3389
0.2381875337739633,3390
0.24818899883460788,3391
0.9436640400588673,3392
6.163302422534933E-6,3393
0.09843596058331816,3394
0.8907822952834773,3395
0.2187249773934119,3396
0.03115303050745155,3397
0.07729469046829307,3398
0.04047328560720431,3399
0.09662960822958566,3400
0.9258048781933963,3401
0.025337217414773017,3402
0.0670597561388453,3403
0.07048655648287361,3404
0.47124373565721245,3405
0.09877685548916593,3406
0.027505140489783364,3407
0.579418792889099,3408
0.9243862651672671,3409
0.10351311695550458,3410
0.14602446175718442,3411
0.15342844466286,3412
0.014660411193723744,3413
0.0021337543488129107,3414
0.9133930282526648,3415
0.14689383852457416,3416
0.0,3417
0.44875745227547503,3418
0.9990058914598684,3419
0.2174079019752181,3420
0.022959186008590482,3421
0.36222155835613035,3422
0.5680931812948065,3423
0.9464968194288541,3424
0.9365942475336886,3425
0.0776497816223054,3426
0.8115460135384605,3427
0.8527258607338851,3428
1.593591253200577E-4,3429
0.10570633110964534,3430
0.09753285612681928,3431
0.6991663466182452,3432
0.040021030469724606,3433
0.18959025189639755,3434
7.920784250714519E-9,3435
0.11138031454312469,3436
0.07507205669024797,3437
0.09768806995870227,3438
0.8575054498659633,3439
0.9128256910061199,3440
0.009940201007367033,3441
0.15629992710523255,3442
0.1940336534468199,3443
0.24439813670476007,3444
0.9745155840606986,3445
9.403527373441634E-7,3446
0.012706503971602112,3447
0.10612806080040993,3448
0.07113952655474098,3449
0.08789211118206586,3450
1.216703737760838E-9,3451
0.011433884223855051,3452
0.7641587288780445,3453
0.8434665517495973,3454
0.05433916366503666,3455
0.08131218343983626,3456
0.9403730667804923,3457
0.11425016018752199,3458
0.7340043937015752,3459
0.042565074361714306,3460
0.6320825565462662,3461
0.9925039711032281,3462
0.08920359470128736,3463
0.6833245329798932,3464
0.9172376836998616,3465
0.10803085571132931,3466
0.16216181613623581,3467
0.0011419357035121758,3468
0.674028455086269,3469
0.08053142069733521,3470
0.06821491499195997,3471
0.08272685435915039,3472
0.03233281528852738,3473
0.20587706292952468,3474
0.01162888378161231,3475
5.15049947136248E-9,3476
0.08041805282279191,3477
0.07629850583044817,3478
0.054189192454459634,3479
3.3470041114758153E-4,3480
0.9533233036981715,3481
0.04223879876381231,3482
0.5130741241321476,3483
0.15490665304178275,3484
0.9624188968071232,3485
0.9195041131363249,3486
0.4316085996122103,3487
9.31630168177211E-6,3488
0.08609647838578305,3489
0.07937496252751552,3490
0.1203535848931222,3491
0.13346844047501993,3492
0.05801261139932101,3493
0.7900167932906383,3494
0.11068387100873789,3495
0.01040103756364652,3496
0.10384084291318862,3497
0.020212835173953114,3498
0.9270900556375832,3499
0.003281152082314387,3500
0.866454163827551,3501
0.13097819938663613,3502
0.9025972745292663,3503
0.0976783038424005,3504
0.8199225026753079,3505
0.02803444150178036,3506
0.08294610934996638,3507
0.04197428460745534,3508
0.928008940289744,3509
0.005378904389127803,3510
0.046055749688179715,3511
0.24380365475694377,3512
0.8204174846983705,3513
0.8021665416484611,3514
0.8870873236733895,3515
0.5077183824112644,3516
0.9095976968071884,3517
0.8914896697025074,3518
0.8356739556888341,3519
0.5058964677628831,3520
0.0802483841912589,3521
2.9202182372234375E-7,3522
0.9520321287279968,3523
6.4012293243820295E-9,3524
0.0,3525
0.6637191708787331,3526
0.27157143425208763,3527
0.042540816486140276,3528
0.04095461757835128,3529
0.086536714963663,3530
0.35427360318917667,3531
0.08121552198191173,3532
0.07137652459626154,3533
0.9669623487222665,3534
0.053985004812084236,3535
0.2149002042565037,3536
0.08837047895681494,3537
0.9981740759204822,3538
0.06828613098709013,3539
0.9770435321289571,3540
0.7849978098831343,3541
0.058883688284778524,3542
0.7406298993553317,3543
0.09956816293513726,3544
0.11206642013849721,3545
0.8989858385361725,3546
0.034952838931967656,3547
2.421409016628573E-7,3548
0.8401834073227398,3549
0.3578427059913116,3550
0.04656952082128607,3551
0.904685688423419,3552
0.930573397417106,3553
0.07994050586605783,3554
0.9226530667074185,3555
0.12973574333351023,3556
0.05963303361509631,3557
0.9182039094128871,3558
0.015316699800907885,3559
0.8490212389636658,3560
0.0024866022873996085,3561
0.8192811720153201,3562
0.12357723626062111,3563
0.15621612595108558,3564
0.18842161537365876,3565
0.1660330223328258,3566
0.03154431641961419,3567
0.8659461658249489,3568
0.08546826581071665,3569
0.08738710022022322,3570
0.06977846141023814,3571
0.45135702605843564,3572
0.11309833417200554,3573
0.0660427156333816,3574
0.07539999845431067,3575
0.16337526231030175,3576
0.8727142061654681,3577
0.08270807038986072,3578
0.6054660973418783,3579
0.07474710780840166,3580
0.2872789226001502,3581
0.06650951090880952,3582
0.051501466803196116,3583
0.055961856514872954,3584
0.07714063041906039,3585
0.11244241955022449,3586
0.07046691362478863,3587
0.06976506588761011,3588
0.052016233174448034,3589
0.011327689428191845,3590
0.04599669090837255,3591
0.09859458366486862,3592
0.9732250426562729,3593
7.715032562471968E-6,3594
0.994691833187397,3595
0.8962253001663335,3596
0.9564818106254664,3597
0.1429786014457919,3598
0.8659461658249489,3599
0.0061117636648242435,3600
0.2661681566939771,3601
0.19857229796211362,3602
0.9172677029507353,3603
0.036823064939690675,3604
0.017864548838238625,3605
0.24129166621864262,3606
0.8913163999280516,3607
0.9362604392035674,3608
0.9787408745165251,3609
0.7419592156319267,3610
0.10619014106360125,3611
0.024918985011412542,3612
0.04495207752568464,3613
0.02441606978690325,3614
0.3478688591089881,3615
0.709436153987004,3616
0.8835106571480683,3617
0.022340970249820846,3618
0.912659117582122,3619
0.03287471506209472,3620
0.05727039687667623,3621
0.08774031328012921,3622
0.1022252982134817,3623
0.06976447639656458,3624
0.7348173619997365,3625
0.0579871113006305,3626
0.0245569313368601,3627
0.024245919823309703,3628
0.2972202566364316,3629
0.0,3630
4.5083379701438275E-4,3631
0.05307835288555407,3632
0.04576581043888883,3633
0.8379742056804211,3634
0.9088056860583296,3635
0.24903203863768808,3636
0.5667703499405113,3637
6.708461593940562E-5,3638
0.02378835971991211,3639
0.2507494668304183,3640
0.6755412372877683,3641
0.060182720559522895,3642
0.5927554503250712,3643
0.07461426925026349,3644
0.09045238881336792,3645
0.9080687482468699,3646
0.03681251732740176,3647
0.06808427060804911,3648
0.08944665442729027,3649
0.6864198012461897,3650
0.18479877616047735,3651
0.9260690209220838,3652
0.8981661292074049,3653
0.937447144952994,3654
0.020258104263880194,3655
0.9461894297270506,3656
0.15579988700915814,3657
8.239167334816999E-4,3658
0.10722381553806615,3659
0.08456237978006909,3660
0.20547317819120436,3661
0.8387314300885229,3662
0.05190584451756708,3663
0.11194783893052251,3664
4.900881662051049E-6,3665
0.07746264216172938,3666
0.020896446215543985,3667
0.6196937024683262,3668
0.003289252497107098,3669
0.022413148128860083,3670
0.11891432994688644,3671
0.15865337775475374,3672
0.08282004720157632,3673
0.022259269936962145,3674
0.0019024925807812343,3675
0.5626140229598688,3676
0.004021783804814771,3677
0.9170855707877285,3678
0.09197910196863268,3679
0.13623496929666412,3680
0.3583960963357463,3681
0.015653106154867147,3682
0.9150000087879059,3683
0.05964400751533805,3684
0.042878627677748304,3685
0.06436788336832,3686
0.013690217097327428,3687
0.8645903156743571,3688
0.09831220341762015,3689
1.3224527917188311E-8,3690
0.9152858272046627,3691
0.10858389531819512,3692
0.017562450594780676,3693
0.9128787479083971,3694
0.085054326274422,3695
0.9031671790954138,3696
1.353624945307219E-4,3697
0.1331542778603908,3698
0.8300986939768213,3699
0.04991650686320526,3700
0.06798607009302926,3701
0.13636517567298423,3702
0.06005050877485063,3703
0.15490665304178275,3704
0.7306644285505541,3705
0.13390021529830987,3706
0.71811040676856,3707
0.0,3708
0.7623054943608771,3709
0.9274283137551795,3710
0.019181685228866985,3711
0.8479384559686695,3712
0.0,3713
0.1253073863567099,3714
0.0245639630433665,3715
0.8411697138054177,3716
5.866277355228711E-4,3717
0.09298384599211384,3718
0.11327235175943529,3719
0.955457621402838,3720
5.782060354064811E-5,3721
2.6316615553412248E-11,3722
8.349555530007269E-4,3723
0.9011153578869688,3724
0.06772878522256298,3725
0.8681596897783093,3726
0.14713026086892345,3727
0.22126428280073562,3728
0.009026000056159167,3729
0.005782524531410704,3730
0.09340636963882554,3731
0.0877772951144018,3732
0.950083432697068,3733
3.3156973028691805E-4,3734
0.7736545000913915,3735
0.04224989152870595,3736
0.9387988200056103,3737
0.08361335085171484,3738
0.042508139822965196,3739
0.9044455408257506,3740
0.09649572556771746,3741
0.07107536325761366,3742
0.08768382266991837,3743
0.4125777676075073,3744
0.004232236794295741,3745
0.01166803574752484,3746
0.2667194316307381,3747
4.6313205048775785E-8,3748
2.5596617048151415E-9,3749
0.09887541275685185,3750
0.08816657535012196,3751
0.9881572635175419,3752
0.0505752815030478,3753
0.9092636502770668,3754
0.061263376444830375,3755
6.201166119225165E-4,3756
5.95171372117953E-4,3757
0.8645697171412655,3758
0.8688620884976902,3759
0.07127551450191738,3760
0.14515885969155629,3761
0.8000139829247436,3762
0.0025530132429272268,3763
0.9357521927214543,3764
0.1726233494732503,3765
0.14133577551658616,3766
0.8650442396209421,3767
0.0788196950776715,3768
0.09711371140204716,3769
0.06207137806962504,3770
0.17268436448126212,3771
0.9307696175860231,3772
0.4185609093659588,3773
0.9020910633690621,3774
0.0743047185910578,3775
0.9003821707887504,3776
0.06615525165704994,3777
0.08283069686070355,3778
0.060337041129301716,3779
0.186281374938293,3780
2.072728717839034E-4,3781
0.0,3782
2.963276933063419E-4,3783
0.004678396075199598,3784
0.298736332162435,3785
4.92831903107227E-5,3786
2.1050388250509755E-5,3787
0.8832293996684625,3788
0.11976538878456955,3789
0.06507001445948868,3790
0.6505642518581062,3791
0.18863756860914005,3792
0.005923121145558485,3793
0.08083555263081832,3794
0.09626598133631425,3795
8.658744397038731E-7,3796
0.08371253692088976,3797
0.0032463671950435646,3798
0.06264568078320121,3799
0.030113748645725358,3800
0.7322394027274461,3801
0.9921920163270315,3802
0.7395907930256889,3803
0.3981473306509903,3804
0.030331598334247478,3805
0.9082521996041413,3806
0.7881037410907666,3807
0.004968033830313079,3808
0.6735454904989919,3809
0.0012940318325727063,3810
0.07985040162539048,3811
0.09792551349145495,3812
0.8873937229412366,3813
0.8651812570274446,3814
2.632488466003391E-5,3815
0.6914958599378621,3816
0.8848359544510435,3817
0.3111857004304346,3818
3.7491722868487898E-6,3819
0.7922308459475729,3820
0.03369532429172495,3821
0.9329870938134022,3822
0.9104923826831701,3823
0.9172910556534066,3824
0.009228877079533904,3825
4.918450933089069E-5,3826
0.0026942091489174924,3827
0.08704192811824074,3828
0.005755363350402054,3829
0.7353714945881262,3830
0.0013920150265225306,3831
0.11674056520511378,3832
0.4663107740122805,3833
0.02206067965671732,3834
0.1741711520479452,3835
0.523051555646665,3836
0.06264994977623806,3837
8.676474374524901E-7,3838
0.06525379213904303,3839
0.013323543473763966,3840
0.12119284788939733,3841
0.02646074151674649,3842
0.06976567876213147,3843
0.022801080984755195,3844
0.014119992797342107,3845
0.8099105139980918,3846
0.04714649155494233,3847
0.9436516887969265,3848
0.9432317004102247,3849
0.05910823447373925,3850
0.8186529618416742,3851
0.9503352931513356,3852
0.0038685680978428616,3853
0.7824635207197965,3854
0.5074683315469041,3855
0.07100707583790866,3856
0.9007553224170192,3857
0.5169435674683572,3858
0.8599354290665808,3859
0.06549206984829148,3860
0.38141122255896875,3861
2.566643893930909E-5,3862
0.060565180119503736,3863
0.08321808687450516,3864
0.8684797829238746,3865
0.9999753720115463,3866
0.2923706246209258,3867
0.09402786094429283,3868
0.025038819746559526,3869
0.09242135653276873,3870
0.0054347525064561975,3871
0.061931627149497626,3872
0.0024945489989580683,3873
0.08195941736317525,3874
0.7520820312999921,3875
0.10136845162511654,3876
0.92713358585398,3877
0.07233709255157561,3878
0.005763433353027647,3879
0.20664273277631418,3880
0.8612345534522194,3881
6.4513231881058175E-6,3882
0.7877987519063029,3883
0.028309357667066215,3884
0.07008197476957567,3885
0.8976159991495454,3886
0.8103241160370958,3887
1.3972838945885968E-6,3888
0.787200318807046,3889
0.307458393334882,3890
0.7954889106222187,3891
0.0761232274440633,3892
0.03024880955777387,3893
0.021644546218629768,3894
0.9199425391536012,3895
0.7547517796681508,3896
0.8644107437199673,3897
0.013727946426225879,3898
0.05731731545620011,3899
0.06696412339733648,3900
0.12336474892819971,3901
0.4649041309916736,3902
0.07721678597669557,3903
0.038883891861581255,3904
0.668834775749463,3905
0.27015624749206124,3906
0.1080005744607403,3907
4.041516497355069E-6,3908
0.9685110758418306,3909
0.11082339043607847,3910
1.2781038790765642E-4,3911
1.390168528925262E-4,3912
0.07107450197528264,3913
0.0,3914
0.9170727788146369,3915
0.12716060950704844,3916
0.16790022057501608,3917
0.8819336780926512,3918
0.14738814290268643,3919
0.8981012061700963,3920
0.0814729742224839,3921
0.28014046124276204,3922
5.9912643735060556E-9,3923
0.9176400608245472,3924
1.49606476893549E-5,3925
0.044663557848343194,3926
0.07134924640890628,3927
0.5542736003026432,3928
0.8979691134525098,3929
0.9730958239605993,3930
0.08807856093876265,3931
5.9421708443307963E-5,3932
4.428060841998871E-6,3933
0.004531167567203509,3934
0.005172302029155085,3935
0.17909819108571434,3936
0.1549805403255753,3937
0.001621626500268869,3938
0.4600636220752403,3939
0.11466241630308449,3940
0.03338359953526371,3941
0.08396120560737097,3942
0.8868248546724872,3943
0.06874355732859727,3944
0.0053199397160604844,3945
0.023667786323097517,3946
0.034525215409850984,3947
