Insult,ID
0.8158546586029755,2800
0.0031007339405067134,2801
0.1292535880612085,2802
0.7801037203773509,2803
0.0016403389668114686,2804
3.692646610127564E-4,2805
1.4090461997445616E-5,2806
8.306305391459972E-6,2807
0.016535049983236745,2808
0.9950596612755119,2809
0.4017378902481025,2810
0.010738459061514912,2811
1.1813177453190165E-7,2812
1.1549318361220027E-9,2813
2.489039503711691E-5,2814
0.3382579688471538,2815
4.1146256568073486E-4,2816
6.51061891065191E-4,2817
0.011587826620143698,2818
0.9906265467753269,2819
0.00528342183549211,2820
0.03929988714275468,2821
8.060152667785163E-6,2822
0.9999997296965683,2823
0.9263587984539157,2824
0.054574420986411326,2825
1.5631784516105924E-5,2826
0.23090287249196406,2827
0.3970470335441459,2828
0.005701883279399277,2829
0.15694343227616014,2830
7.172931683063716E-5,2831
0.14909081486772305,2832
1.706678661313751E-5,2833
0.007632970526263968,2834
1.0094936619069922E-65,2835
1.0823245335648955E-5,2836
0.00531001634488865,2837
2.125863802102735E-7,2838
0.758552170514321,2839
1.3934489050325729E-9,2840
0.9914482411656296,2841
0.9999999743157933,2842
1.0059802730588287E-8,2843
3.157319963957708E-7,2844
1.0007086625347604E-5,2845
0.05886619126680804,2846
0.021705439728609794,2847
1.578949903482475E-4,2848
0.024629988463289565,2849
1.6760012252748347E-11,2850
0.005588352329238069,2851
0.09939767749623049,2852
0.001471888236603359,2853
1.6031578941268996E-13,2854
5.199874108511006E-5,2855
0.49764950101606653,2856
1.242541773846217E-18,2857
4.919296652925201E-4,2858
0.04755187392055604,2859
0.14735569613467778,2860
0.312740986873536,2861
0.0026325081961760875,2862
0.0011653553066950423,2863
8.043866526438258E-4,2864
5.205228311686897E-11,2865
1.82046877523623E-7,2866
0.0034549099502788083,2867
0.4688305433269052,2868
0.0,2869
0.007684927681107959,2870
4.189564209347186E-6,2871
0.2861658511589718,2872
0.796870097608914,2873
0.9776296449319274,2874
0.9368972421199007,2875
1.5688274822938183E-88,2876
0.24503941207164712,2877
0.9999996294466789,2878
0.8777511541928612,2879
0.38416390946093026,2880
1.3874291337116605E-4,2881
0.04693811283814646,2882
2.5478606268333314E-4,2883
0.9880047963236495,2884
0.006632749066139063,2885
4.607594557893187E-4,2886
0.9999943743857773,2887
0.604261649718335,2888
0.7019766145799147,2889
0.8162607788171843,2890
3.727734857496232E-8,2891
0.7074549132757819,2892
0.0047074889172703475,2893
0.006258816734863545,2894
0.1166562782965878,2895
0.999963060224272,2896
0.4432115975883363,2897
0.9999642215832995,2898
0.06772514251574911,2899
0.9999999823027703,2900
2.326765813129006E-5,2901
2.151229651039384E-5,2902
9.757838243675828E-9,2903
0.9996536481445242,2904
3.812355751160851E-4,2905
9.127056041562043E-34,2906
6.69194106375194E-9,2907
0.003912697237540621,2908
0.003068437591395175,2909
0.992674542118166,2910
6.952892191815077E-4,2911
0.9998377765305604,2912
2.4565150839045794E-6,2913
1.064845698801544E-33,2914
7.015321763943505E-4,2915
0.992940180749031,2916
1.1093350066785702E-4,2917
0.9261052018187996,2918
1.546335574224737E-13,2919
8.097987600486629E-4,2920
0.003410460654847091,2921
0.11057382361727128,2922
0.3527205548871414,2923
0.035674831597999994,2924
1.1974546235984832E-7,2925
0.006034415858991569,2926
0.44558125679318833,2927
0.4657638946716041,2928
0.6723790300286817,2929
3.795156170722433E-6,2930
7.114523009794814E-27,2931
0.620583450470801,2932
0.9772509973883248,2933
0.01649567773796433,2934
1.0,2935
0.07551570035637635,2936
0.39313593569743555,2937
0.521343238791823,2938
9.21540595746844E-5,2939
0.9921103818395394,2940
1.7015307550941985E-4,2941
0.9667454442681958,2942
4.299963411205597E-112,2943
5.931088579262698E-4,2944
8.832581426529815E-5,2945
0.9695283259550316,2946
0.010875877482237927,2947
0.62093472912282,2948
6.451925398344386E-10,2949
0.009209969309505076,2950
0.1358684727597459,2951
0.9595183233095523,2952
0.8727267036983986,2953
1.3937203057374343E-4,2954
0.9996519418673873,2955
1.0332437389431251E-4,2956
5.559797541871884E-6,2957
0.06332073132762298,2958
0.5283681349334252,2959
0.07039394456468438,2960
0.001479734704472868,2961
1.7496176202974156E-9,2962
3.3687410364074502E-25,2963
0.4912491834231744,2964
0.007687341950315636,2965
0.987129812778604,2966
0.9981498428932047,2967
0.33665673551317693,2968
0.8724556209050169,2969
0.9274339653211928,2970
8.547565763342572E-6,2971
0.7699944017605891,2972
0.9270996256461901,2973
0.0010980695256667709,2974
1.967322916764142E-41,2975
0.0026200515395694538,2976
0.0016131898403806133,2977
3.180003000163968E-5,2978
3.931249469937122E-5,2979
7.990735959106008E-4,2980
0.923504291450466,2981
0.9613317532975892,2982
0.006532604791854408,2983
0.0021568210341429733,2984
7.290065212678701E-8,2985
0.06146095493827466,2986
0.11346305830115785,2987
0.0071091855899893825,2988
0.0019015255780624307,2989
0.1721035593327664,2990
0.9995112825750877,2991
0.007381861732071772,2992
0.332663725377475,2993
0.0020603220627388105,2994
5.08633341631909E-44,2995
0.05146164561301971,2996
0.9970417538126845,2997
1.999937473787077E-5,2998
0.15491769417499088,2999
1.1925501460072633E-4,3000
0.9960289387228503,3001
0.9987943782702945,3002
0.19620214137067554,3003
0.003866527129387557,3004
8.298087370282448E-10,3005
1.184780529085842E-10,3006
1.8995351206868824E-5,3007
0.33053145892287,3008
0.007803004060396915,3009
1.9579074829870777E-25,3010
0.9862564306587276,3011
7.937927550035542E-7,3012
1.7661686966161038E-4,3013
0.9624907621532846,3014
0.7122469643903099,3015
0.9936657048338644,3016
1.467734770128502E-5,3017
1.9855925394478914E-6,3018
0.9902437881844132,3019
0.9972635250921069,3020
2.8294043956049365E-8,3021
8.128263342132369E-5,3022
3.851331103739766E-21,3023
0.8244863791150264,3024
0.002113903979566613,3025
0.45546757301617746,3026
0.999755278419646,3027
9.275632683913798E-11,3028
0.9999515352313441,3029
1.112133081109748E-5,3030
0.0015805844906879186,3031
0.028783688405649724,3032
0.4251836430020612,3033
0.0020258835132646014,3034
9.277979453134416E-7,3035
1.4862631443086096E-12,3036
0.9484007192249064,3037
0.5211419552837668,3038
0.07367823895831523,3039
0.008993708489393806,3040
0.3315154078013753,3041
3.195587178736513E-11,3042
3.787692862833474E-5,3043
0.9903676266039108,3044
2.0632174025957977E-4,3045
0.013452115369747428,3046
0.9371879009940953,3047
7.155890463753195E-5,3048
0.0075753960251272,3049
4.253427070643584E-6,3050
0.18581934962265934,3051
3.763104934211233E-5,3052
0.027195572912105823,3053
0.5557929860265491,3054
0.004527744449614843,3055
0.42935658059830795,3056
5.1059245130738927E-26,3057
3.363936977475504E-7,3058
8.009008377276179E-11,3059
1.3056686019617945E-7,3060
0.08221401943846147,3061
0.9966748706520104,3062
4.450775829821506E-5,3063
0.009678475584531547,3064
0.018613324060698173,3065
0.9957966024756851,3066
0.1302065217785571,3067
2.0451836995308044E-6,3068
1.6717044992231756E-136,3069
0.8618495548531887,3070
1.1866505366056324E-68,3071
2.2784003250107974E-6,3072
0.9486028208195827,3073
0.9998981182846487,3074
0.10765545508802517,3075
6.928575062206999E-6,3076
0.006683105216167733,3077
0.9999923002666691,3078
0.9999999999999694,3079
1.8823053850834564E-5,3080
7.165106594046578E-5,3081
0.006110571560023692,3082
0.016836736540921816,3083
3.3740070158234367E-6,3084
0.005141581403675379,3085
0.8698542804491,3086
0.00765001045359,3087
0.9957704218839241,3088
3.0534586740305856E-4,3089
0.047853422734755534,3090
0.08192581427011601,3091
2.3159666306526815E-7,3092
0.08990511995155684,3093
0.9969969092346144,3094
0.05681908257185069,3095
7.618258371498742E-5,3096
0.10343840232711345,3097
0.9996415527431564,3098
0.0055248733565642525,3099
0.04741331217341804,3100
0.8214075873929609,3101
0.007366041245857344,3102
7.077844481734811E-4,3103
0.7361316217171434,3104
5.331740338988812E-7,3105
0.7347620647483231,3106
0.9946028841124256,3107
0.2504363966419528,3108
0.33766256447895854,3109
0.29457836528198084,3110
0.035636065866283935,3111
6.195396894962669E-4,3112
0.5251166137625417,3113
0.030421432745601197,3114
0.21965766519779203,3115
6.146168887184412E-5,3116
0.003254153046258413,3117
1.89218451020306E-4,3118
4.394625349976022E-14,3119
0.8793139646245527,3120
0.8776083894678818,3121
0.2788879746255384,3122
0.9310530912315721,3123
0.9999816645530514,3124
0.8680666338694593,3125
0.49956144126026086,3126
0.11775500290013285,3127
0.0,3128
0.041150877500930085,3129
0.2501495756447139,3130
0.06358055368409338,3131
0.1110767073125448,3132
0.005475506447280468,3133
3.3061597559871326E-6,3134
0.961008824002135,3135
0.9760190590377796,3136
0.6319828545267294,3137
6.256472277132509E-4,3138
0.45860466939845956,3139
0.995874429986672,3140
0.009849446033275339,3141
2.765261070979236E-4,3142
3.349274196387501E-5,3143
0.005615895519914175,3144
1.6663604231585195E-18,3145
2.697470530156065E-6,3146
0.2363056975149841,3147
0.794780154102712,3148
1.851531123827362E-4,3149
0.9324773989636947,3150
1.0900370742035372E-8,3151
0.3198349823589898,3152
0.00326686931815039,3153
0.9948887628592276,3154
1.8850961165760535E-4,3155
0.006918807195847687,3156
0.9385803324267185,3157
0.3283718551170561,3158
2.658206236503108E-12,3159
0.19954115712952653,3160
0.00708119912973828,3161
0.7854134981815559,3162
0.3079750498592109,3163
0.9985644798452804,3164
0.9940272435287878,3165
0.003231287197881386,3166
0.0014615342501478083,3167
0.4804994912274086,3168
2.7659350083539517E-11,3169
0.8181843410821159,3170
0.7055303216434539,3171
8.536469858895072E-4,3172
0.24803528035420955,3173
0.6497225092176623,3174
0.9993535635276413,3175
0.24436939311292996,3176
0.9424448199573523,3177
0.0015944218654370872,3178
0.9869871111681371,3179
0.8274314728698154,3180
0.0017955655261541446,3181
2.753789240940726E-5,3182
0.4783856587843284,3183
0.9700672977923056,3184
0.16165967602142203,3185
0.00133259624951723,3186
4.880523378364634E-7,3187
0.0011319911631223693,3188
0.4352786044510194,3189
0.0024448925352016835,3190
4.232908970678865E-4,3191
0.05695844745166907,3192
4.891693262939579E-4,3193
3.664278711196154E-5,3194
4.364314523993343E-4,3195
0.9999292319284707,3196
1.276574543112771E-4,3197
0.00221380669806709,3198
0.20879059348494683,3199
0.8369453832557711,3200
8.418584671708895E-5,3201
0.4703755242426698,3202
2.6344783504824305E-4,3203
0.18411724992445846,3204
3.385081198808224E-14,3205
2.3612959584089696E-12,3206
1.0785158438768052E-23,3207
3.8454991755006163E-16,3208
2.2187289750695796E-173,3209
0.8145556732850349,3210
0.5252258070457271,3211
1.0608253164415347E-26,3212
0.02909352894419791,3213
0.9999964520875316,3214
0.0025628468423382657,3215
0.9080356743693231,3216
0.7932560662690298,3217
0.00937137225573079,3218
0.999986160485339,3219
0.9999987075461724,3220
0.5048359557460109,3221
0.9999893066038229,3222
0.15873519401437766,3223
7.824968688450118E-11,3224
4.03143714101391E-61,3225
0.849073326876815,3226
0.0016554300767814725,3227
1.9938648993613094E-5,3228
1.5954297817694744E-52,3229
5.004755645873511E-36,3230
3.91515284601808E-4,3231
0.9994482675339746,3232
0.0071678682588593515,3233
4.387063365295935E-10,3234
0.023529312701531715,3235
8.695285131473541E-5,3236
8.678507198430442E-7,3237
0.46281053094029745,3238
0.10678618356425766,3239
9.189489719185476E-5,3240
0.14859364275693882,3241
0.0014858491187152967,3242
0.9999999654315942,3243
0.02055088854759016,3244
0.9999779189651979,3245
0.0022137373072829473,3246
0.9999027270063835,3247
0.27128166608285154,3248
6.410525662739175E-5,3249
0.002050677368806814,3250
0.4288843566706727,3251
0.44231859015931996,3252
5.15358082568567E-9,3253
0.0412100138437026,3254
2.8941883538193866E-7,3255
0.011785534359523881,3256
0.9091985263329764,3257
9.260177592706542E-9,3258
4.1199624151702575E-10,3259
1.3433692234651135E-4,3260
0.9981130233956809,3261
2.695746896232315E-10,3262
0.09004547219587478,3263
0.028901074478471823,3264
0.9136027925481024,3265
1.825866242996526E-4,3266
0.0031589231939397385,3267
0.34479093830151814,3268
0.7411288242864936,3269
3.8794046291371016E-7,3270
0.8636140734408383,3271
0.9734751506870365,3272
0.0835131051302315,3273
0.034032295780975316,3274
0.12386797741125469,3275
6.84177323407706E-6,3276
0.001445834011830269,3277
0.20318967440067154,3278
1.7516309440380291E-9,3279
0.9799341823038911,3280
2.9236569684958884E-9,3281
7.749559405497788E-15,3282
0.003358692078807283,3283
0.8701606370084563,3284
0.554486895012199,3285
0.20156201833817913,3286
1.5681501008499155E-7,3287
0.23224101802626756,3288
0.9794276847788451,3289
0.03696845948907205,3290
0.001916561425164845,3291
4.89010443622295E-6,3292
0.06788310453205651,3293
0.2038965078078286,3294
2.994202497341592E-4,3295
3.1802345780113455E-6,3296
0.006252277507127579,3297
0.04353854088520159,3298
0.38824337393405745,3299
5.923108853001988E-4,3300
0.3657006632236143,3301
7.905294308328041E-4,3302
0.012297221183466515,3303
2.6393432477061885E-8,3304
0.017317086114042077,3305
0.2861535548181537,3306
0.0075528216035309825,3307
2.460860417807711E-6,3308
0.3183853127559786,3309
0.16623409675838835,3310
2.8112757919059574E-8,3311
0.13815498399237228,3312
0.7175394181065095,3313
3.057696856042645E-8,3314
5.561884640996016E-8,3315
3.951280755681879E-26,3316
6.853955086290469E-4,3317
0.5220986264449007,3318
0.37850390303581927,3319
0.3234211061648652,3320
1.3711355212810054E-9,3321
0.0027060943085110774,3322
0.0010680028918212093,3323
9.484912099495521E-22,3324
3.094102486575113E-8,3325
0.9968991036222988,3326
0.9999999993529638,3327
0.011359006429062936,3328
0.03822754996111197,3329
1.3512557274941795E-4,3330
4.6560769938410496E-6,3331
3.9025054780472976E-6,3332
7.525143739676065E-8,3333
0.9769621711567466,3334
0.514921144347531,3335
1.3374411367614287E-6,3336
0.020254535401033297,3337
0.4836470811441901,3338
7.470060645489606E-7,3339
0.006993108959686329,3340
5.196264286036443E-5,3341
0.9999999999998522,3342
0.8496635470960383,3343
0.1469489381388918,3344
0.11000727245410262,3345
4.5303996786493593E-39,3346
0.031751709320317414,3347
3.133548518944995E-22,3348
0.013814490691638256,3349
0.0048806053507574635,3350
0.00473032816739725,3351
2.1713946431264265E-7,3352
1.0861583081353704E-8,3353
0.07869216104337037,3354
0.9191958645022698,3355
4.531273786353855E-6,3356
3.080683170804487E-6,3357
8.362706180429701E-23,3358
0.5273654302198559,3359
0.9999995870401408,3360
2.996358746997786E-7,3361
4.15794880231688E-7,3362
0.9912453044979599,3363
0.010742028695859985,3364
9.567261993271809E-9,3365
0.8649250393736871,3366
0.9999998577487537,3367
3.331001396162216E-4,3368
1.1829572290769516E-6,3369
1.7599582080511866E-43,3370
0.8015813482273222,3371
0.9891913934132797,3372
0.027213663269153428,3373
0.0011146990915284515,3374
0.9885399092470204,3375
1.0823085619435622E-22,3376
0.5516098563902332,3377
0.8342395268382786,3378
6.615429916613176E-11,3379
0.015298154914495017,3380
9.013989950175369E-5,3381
0.2984196768331362,3382
0.00882673526645448,3383
0.9370588536023525,3384
3.363739506317103E-5,3385
0.8574869293128062,3386
0.9990315077805828,3387
0.1941512054338254,3388
1.8740017460270633E-23,3389
0.38414866903548534,3390
0.6770867183648053,3391
0.9983772224028902,3392
2.5548857581542797E-33,3393
0.013919281610875233,3394
0.9882140102029792,3395
0.5707878258368854,3396
2.1971794530866118E-7,3397
0.008464503084532997,3398
0.7248083877157665,3399
0.060162698199991455,3400
0.9997491185905165,3401
6.863006121968351E-4,3402
3.927555909553346E-5,3403
0.0050562416416468445,3404
0.3316828053255643,3405
0.11991811347504205,3406
0.02355272485674904,3407
0.6659770873307882,3408
0.9601028820140777,3409
0.07465642200838875,3410
0.14846269363073128,3411
0.0789367206030148,3412
1.443753081111512E-7,3413
6.946115299487282E-10,3414
0.9932619059360513,3415
1.4035262980600999E-5,3416
0.0,3417
0.293819948281069,3418
1.0,3419
0.6267636885740364,3420
1.1210542290778069E-4,3421
0.20590810303999024,3422
0.003360010710999954,3423
0.9999837044168502,3424
0.995874429986672,3425
0.002144237351569685,3426
0.06577849777971799,3427
0.6958680424577164,3428
5.193000078273409E-8,3429
0.005326939854315466,3430
0.12678685407245124,3431
0.09271340599821473,3432
0.05431982844690394,3433
0.40129156030894014,3434
2.9229855548134325E-30,3435
0.004937427975056181,3436
0.02833666239375691,3437
0.04464952892479277,3438
0.9999998782120434,3439
0.9910634755048717,3440
7.308758803492462E-11,3441
0.2333577768196131,3442
0.17939182484021043,3443
0.0038378102863999342,3444
0.4177672209950125,3445
1.4517983240802328E-45,3446
5.321022639655222E-13,3447
0.9800562945205457,3448
0.002644616359016649,3449
0.002621371677297095,3450
7.07277136206011E-16,3451
3.8100129038325087E-4,3452
0.9891555845151736,3453
0.9945476095685544,3454
1.772546437500148E-38,3455
3.731537047074149E-6,3456
0.03881398481220549,3457
0.022143765954760735,3458
0.05636241675530102,3459
1.1216492081848114E-9,3460
0.9107153740420381,3461
0.9999979652145351,3462
0.022924240525393862,3463
0.5757294246477858,3464
0.8819382927297563,3465
0.08390825195375609,3466
3.4107570774756806E-7,3467
1.2950976210360004E-8,3468
0.2339889126622078,3469
0.05277365474273569,3470
1.3870893651441162E-6,3471
0.002928037909895255,3472
5.290254885067278E-9,3473
0.4105879400652047,3474
6.667509152313508E-6,3475
2.0023795510232316E-31,3476
0.002141314206541263,3477
0.018036282831710212,3478
0.0011990582230568736,3479
1.6880438209504594E-34,3480
0.9999955110465631,3481
0.0033478353563979515,3482
0.10515596916833657,3483
0.32524538187169305,3484
0.9999999991503418,3485
0.994978444545372,3486
0.34850656515609263,3487
4.0451084738323496E-16,3488
0.12241773752503511,3489
0.7363522249753278,3490
0.0036005506998741076,3491
0.20807126879920237,3492
1.5176501792455737E-4,3493
0.985385652497849,3494
0.6308796257015257,3495
0.010803022144555223,3496
0.018385610146994847,3497
0.031663566620812295,3498
0.9995301020799358,3499
2.30415518589102E-12,3500
0.05108975861223277,3501
0.3669036440827573,3502
0.9654331232268116,3503
0.001988811836848314,3504
0.944067399802526,3505
1.3216452579868051E-8,3506
6.265865318511738E-4,3507
1.1355589208678169E-4,3508
0.9957430884140525,3509
6.645487119805557E-9,3510
0.0019324313564590702,3511
0.18651792227633016,3512
0.7735412788048447,3513
0.9982911979387332,3514
0.9892927864576151,3515
0.16266021573993303,3516
0.9996828490392516,3517
0.3310320508647055,3518
0.5564663130438903,3519
0.7113802546883196,3520
0.10055708444021128,3521
5.743496395417021E-20,3522
0.9999978429151531,3523
6.0727491636389445E-24,3524
1.9142577976979158E-78,3525
0.4396642086283202,3526
0.986547608816493,3527
9.094958717297076E-8,3528
0.07347162349380955,3529
1.5085926039458975E-7,3530
0.29612176934084866,3531
0.31615190715578806,3532
0.03130032615376354,3533
0.6575911439756565,3534
0.004830543959243395,3535
0.3357469789279277,3536
0.09962099425020508,3537
0.9999998641120231,3538
0.0030127653729764697,3539
0.9999999999535466,3540
0.8119118870901479,3541
1.4053556955909063E-4,3542
0.7383271985528486,3543
0.03913476364607334,3544
0.02518827981208783,3545
0.959864681810771,3546
0.01744791107162633,3547
2.7649567157118205E-30,3548
0.9978051844491234,3549
0.27765772978128755,3550
4.453253215938943E-6,3551
0.9644791242912554,3552
0.9997056522853106,3553
0.001081615952952339,3554
0.9943343407634093,3555
0.949709986796232,3556
0.010294393039242462,3557
0.8372399086201021,3558
4.4828992640463206E-9,3559
0.9927003519019866,3560
1.40284544411006E-7,3561
0.9691933560403009,3562
0.14571689724510126,3563
3.914538117472893E-11,3564
0.00950767323005285,3565
0.11210125084966444,3566
0.005730912076276561,3567
0.7768176785494056,3568
0.1796137123819065,3569
4.5263400529596156E-11,3570
1.1667319247996865E-4,3571
0.3175108155453529,3572
3.55769087371855E-5,3573
1.450550899011123E-6,3574
0.04613217280649368,3575
0.12723307617549984,3576
0.5570010265055262,3577
1.3685419018324705E-5,3578
0.940143874745165,3579
6.623892015845655E-5,3580
5.30832093347852E-6,3581
0.2898757387556733,3582
2.0310069390526263E-4,3583
0.0014152272367620143,3584
0.0036807807674293295,3585
0.025178886590941828,3586
2.9014222501054653E-8,3587
0.12434303772875338,3588
0.001969934757328065,3589
2.579668536745417E-5,3590
2.4866153296913397E-5,3591
0.06622069525937864,3592
0.03313140247756347,3593
8.340124166691952E-19,3594
0.05762410805445279,3595
0.6782148795894472,3596
0.8603836026948681,3597
0.7387697052854955,3598
0.7768176785494056,3599
0.009425725748648034,3600
0.06958337864860656,3601
0.7929347610860291,3602
0.9748993746303911,3603
5.729404358320098E-5,3604
0.0018750976034308828,3605
0.16059109164959204,3606
0.9720990932198376,3607
0.9768469918156623,3608
0.9998931804823438,3609
0.002087167262220502,3610
0.1372845861065164,3611
9.08732168640043E-10,3612
0.002799486640793194,3613
1.3464614211403109E-4,3614
0.0016231489758664844,3615
0.03011474114187745,3616
0.802688168096107,3617
4.676355294669104E-8,3618
0.995171737855737,3619
0.0038618473748012073,3620
0.018648854048827074,3621
1.523623632790294E-11,3622
0.024619321817058386,3623
0.09772069350468877,3624
9.349173275810138E-5,3625
1.1420898917128555E-5,3626
4.464108663609229E-8,3627
1.200144732061457E-4,3628
0.9818863234547344,3629
6.276350157031371E-47,3630
1.6209998247667952E-18,3631
0.014823771275703631,3632
0.0740048332804056,3633
0.012566097925521895,3634
0.5819228910725449,3635
0.009490025049204698,3636
0.9999593643044545,3637
3.0767493969664524E-24,3638
3.107342136211006E-6,3639
2.289807563625153E-5,3640
0.5448191321340881,3641
0.7160455026966474,3642
0.020627112071471634,3643
0.0014976735537003713,3644
4.987885226323612E-5,3645
0.48130577752031706,3646
2.4093937166655377E-5,3647
3.2466468836040536E-4,3648
0.005251861100510398,3649
0.18140627219703495,3650
5.666091089297878E-4,3651
0.04333649462983753,3652
0.34749124549404514,3653
0.9980120196701898,3654
1.2316914396775552E-8,3655
0.9999894190637182,3656
0.3281118924633567,3657
2.5940389318111393E-10,3658
0.026312555577519235,3659
0.07770335373610597,3660
0.09862480797955456,3661
0.8231617091658086,3662
6.462358275513788E-11,3663
0.043828348635866946,3664
5.046642407131111E-38,3665
6.870918228227732E-5,3666
8.06896475114633E-9,3667
0.9999349262365953,3668
1.3968527610980147E-8,3669
0.036277096253322816,3670
0.0018972566872587889,3671
0.3365726926563918,3672
2.457215927230545E-4,3673
2.4329000101581798E-14,3674
1.5199495995614113E-10,3675
0.2529454795318845,3676
1.623957036703779E-18,3677
0.9999989995671746,3678
4.61826383233393E-5,3679
0.5297473069962508,3680
0.0011725318554045563,3681
2.701338318677144E-4,3682
0.999697428902243,3683
5.584631731719425E-7,3684
1.1549941313994146E-5,3685
0.7137582470630311,3686
2.9393569345058983E-9,3687
0.9999987903395182,3688
4.4128963371357E-9,3689
3.6319793793657376E-73,3690
0.9746931953812737,3691
0.020364683615748617,3692
1.0734424411129964E-5,3693
0.983877771378424,3694
8.687414985836814E-4,3695
0.9999882968346708,3696
4.774280450438643E-25,3697
0.0023575176508911946,3698
0.9821076690414343,3699
0.017008446768669742,3700
5.57557997594436E-7,3701
0.06261872904886849,3702
0.006490887892051002,3703
0.32524538187169305,3704
0.795696261002845,3705
0.6151947970881757,3706
0.6104947206982376,3707
6.459883381407264E-127,3708
0.5969292554672431,3709
0.999178476430041,3710
9.881028583114148E-4,3711
0.9821679103363345,3712
1.677222658927504E-54,3713
0.027028901501416548,3714
2.9804212363708705E-4,3715
0.9939031684480606,3716
1.3718977430025564E-14,3717
0.22858045126629392,3718
0.24765713307556778,3719
0.9999999910574905,3720
2.4523070678394335E-14,3721
3.2959646705784915E-25,3722
0.045569734974609505,3723
0.9331480753098805,3724
1.4549211328519456E-4,3725
0.9998544881048445,3726
0.9923294265783559,3727
0.7925882368518646,3728
3.4242847810354764E-13,3729
3.685647097214448E-6,3730
0.06520645951159651,3731
2.504585655468622E-4,3732
0.8556844585043556,3733
3.0127293577221827E-18,3734
0.0808970544419564,3735
0.026064601813444038,3736
0.9999991012265621,3737
0.055903001374063926,3738
0.2579869859317808,3739
0.6950872759648619,3740
0.004475928200930747,3741
1.2760409350186155E-5,3742
0.4941670780624815,3743
0.5069970396345463,3744
1.3389354130744871E-19,3745
3.7768140060519384E-7,3746
0.012508746901408201,3747
4.403412899912597E-33,3748
1.3598286512973136E-25,3749
0.16781206301465404,3750
0.32679651068504256,3751
0.011224209015972729,3752
0.04664505664608653,3753
0.9987574636762724,3754
2.3263863657922815E-4,3755
8.434497509855763E-14,3756
0.9999997715291636,3757
0.9672811433105439,3758
0.7531334821479986,3759
0.004184043675846991,3760
0.012509996808333304,3761
2.8238305457554833E-27,3762
5.998274105024122E-16,3763
0.9878252009885107,3764
4.319619416351432E-5,3765
0.5433988930881093,3766
0.9154755841654624,3767
0.11179381437057667,3768
0.012610853894531237,3769
3.6067020887033596E-4,3770
0.22764390289937853,3771
0.9738744654603606,3772
0.4460488369626373,3773
0.9975603838752416,3774
5.52675846855691E-4,3775
0.9992682828443129,3776
0.007125213149561727,3777
0.16041679643403012,3778
1.4301101075741418E-6,3779
1.1909057606660953E-4,3780
1.0065583467480283E-19,3781
7.515129556400331E-93,3782
3.9698550634791007E-29,3783
9.621262109036567E-9,3784
0.6892766043662713,3785
1.0993571876787064E-19,3786
1.7722392346600323E-16,3787
0.9841300173951986,3788
8.645942331703624E-4,3789
6.836949989554171E-8,3790
0.05229150787176857,3791
0.007479512407104238,3792
1.2769166021136482E-18,3793
0.10474395352367538,3794
0.17882949850559843,3795
2.980180685241313E-15,3796
0.003340405637932882,3797
8.444922214186828E-11,3798
0.12518293692997795,3799
5.038032519514044E-4,3800
0.00623092442196182,3801
0.9999963842165748,3802
0.009413093248163307,3803
0.09546321168004943,3804
1.7986842179322244E-6,3805
0.9845686752624224,3806
0.3509566536230184,3807
0.1799086105846447,3808
0.8634823748402719,3809
7.424888895455042E-50,3810
0.03169376293372766,3811
0.35510722492815777,3812
0.9999821356293267,3813
0.6726147171431404,3814
8.352852341239009E-34,3815
0.004192096191655409,3816
0.994015465777589,3817
1.579588703106304E-5,3818
1.1924260665126478E-19,3819
0.7774599003691464,3820
6.515871066135889E-7,3821
0.9891099094881564,3822
0.9461649167882629,3823
0.01276113456763509,3824
1.2658534575818643E-6,3825
7.834042674362276E-18,3826
2.900274119675467E-17,3827
0.020821793543150613,3828
5.642202201826953E-18,3829
0.9422153556667827,3830
4.001730379214797E-9,3831
0.1373333827713125,3832
0.03213501847244993,3833
1.8775284318856755E-7,3834
0.16904961945138378,3835
0.0011183653237265016,3836
0.019306501597012922,3837
1.1008146281916915E-17,3838
9.56382994822768E-5,3839
6.127331193511083E-15,3840
0.08962467914193362,3841
2.3995356507863024E-8,3842
0.2574307931506655,3843
1.3608765444091524E-4,3844
1.5664610644260003E-8,3845
0.9880759923439216,3846
3.416465284867758E-7,3847
0.9999734243560716,3848
1.953618946273424E-5,3849
0.6373561955987197,3850
0.17775407424544223,3851
0.9978952425820052,3852
7.995622453226398E-12,3853
0.745512708517757,3854
1.646942761505731E-7,3855
0.0368151123260067,3856
0.0705931443550695,3857
0.879529688227868,3858
0.9999990776531203,3859
9.666825900817959E-4,3860
0.009737359870436614,3861
4.102517607937972E-14,3862
0.004734582854800459,3863
0.0069438921391779245,3864
0.7255923860434478,3865
0.04292398176645159,3866
0.9763749899515497,3867
0.009210405463978517,3868
1.001397460962449E-4,3869
0.0040863315745716215,3870
2.6953539622937805E-7,3871
2.2784003250107974E-6,3872
3.0832251128275686E-6,3873
0.0015338181619310451,3874
0.43997751059219625,3875
0.04019729968436535,3876
0.9999477141162258,3877
4.2717375991582186E-5,3878
3.131559977864093E-5,3879
0.10805566129409537,3880
0.32820087843896223,3881
3.9152589205122554E-25,3882
0.06315781428859157,3883
2.6857594351230145E-7,3884
0.014761057490016641,3885
0.9707389120621202,3886
0.24761067827423366,3887
3.0186523864142273E-41,3888
0.8552085401038922,3889
0.06723975546404459,3890
0.15011454090242252,3891
0.015471885209096405,3892
1.3278285695494796E-16,3893
2.4799894299986524E-4,3894
0.9994331588694239,3895
0.1116529279753909,3896
0.8249285969235458,3897
1.7140778570008711E-7,3898
5.873919272115446E-4,3899
0.026552811483343406,3900
0.03259304625024342,3901
0.014099369591859687,3902
6.022403301226645E-5,3903
1.1071608899839818E-7,3904
0.9049300696671951,3905
0.04760327145418072,3906
0.9999912598036077,3907
6.911170998937699E-10,3908
0.9999998772695214,3909
8.329483847546842E-5,3910
1.511674540040918E-15,3911
4.194420509905179E-15,3912
0.05449734444606146,3913
2.5935620375463004E-55,3914
0.9932234103952805,3915
6.310937867174281E-16,3916
0.9544689134623194,3917
0.875961567289636,3918
5.736943821603485E-6,3919
0.9362661897496073,3920
0.0062691053196850385,3921
0.08296994098127258,3922
9.841375285918364E-33,3923
0.9273458912255866,3924
4.212982684806218E-22,3925
1.727039265187422E-6,3926
3.181919630235583E-4,3927
0.013322734153954255,3928
0.5879099315825517,3929
0.999977156447033,3930
4.2660567461835395E-4,3931
9.794133447865167E-57,3932
4.063627422232572E-12,3933
3.572783214153645E-11,3934
1.497409466940733E-7,3935
0.1713264643667286,3936
0.1712076927686455,3937
2.8188204197780772E-30,3938
0.2569137528839238,3939
0.9006674134223849,3940
0.026362982752755896,3941
0.9725372123364199,3942
0.9657565247891795,3943
0.08331344567507068,3944
3.070520247264568E-8,3945
2.3519300301815104E-9,3946
0.016133320371574184,3947
